5 4
2.8
12.412 6.005 6.353 7.075
5.991 6.291 15.586 2.786
14.470 20.899 14.236 8.782
17.579 3.117 4.435 7.960
7.037 5.693 2.860 22.955
21.681 20.156 5.812 5.483
11.721 5.527 9.294 5.871
16.397 12.263 4.268 6.358
6.646 12.564 4.366 3.248
7.085 5.964 0.881 2.653
3.736 2.321 11.340 13.604
4.749 6.429 13.075 5.616
9.122 9.933 2.181 0.874
0.356 14.544 6.383 9.424
8.684 8.653 1.029 19.501
8.010 3.643 5.802 5.404
3.804 14.302 11.213 7.202
0.574 9.666 15.604 13.529
0.462 13.409 0.315 22.520
14.744 7.915 1.787 1.449
9.840 16.272 9.765 2.093
11.609 1.195 19.597 4.058
34.166 3.283 6.154 0.127
19.281 7.737 0.499 4.209
5.459 5.835 14.054 6.079
8.333 5.109 11.697 10.586
0.745 6.311 6.881 12.819
4.112 9.810 8.418 2.324
8.395 19.376 16.736 4.604
6.155 3.575 3.078 6.653
6.089 14.703 7.044 12.305
5.327 3.168 3.588 13.026
2.212 7.110 19.666 0.724
6.528 14.491 2.597 0.123
1.511 3.219 5.076 6.586
10.967 2.431 9.837 11.723
21.144 2.429 4.051 2.262
4.116 7.838 0.552 1.895
10.486 6.775 10.956 0.419
9.499 7.760 14.304 17.142
4.327 12.610 2.786 7.648
13.193 1.427 7.926 0.044
9.263 2.544 12.603 9.391
11.310 4.130 14.418 22.921
1.722 13.280 6.788 0.789
3.480 7.520 3.197 10.741
10.320 11.082 5.375 4.263
11.137 7.596 0.546 3.141
3.781 3.115 2.284 6.840
3.203 7.822 9.088 18.258
25.328 5.476 17.760 12.038
2.110 1.617 1.077 3.320
9.229 9.158 0.705 13.670
20.477 6.234 2.953 13.932
12.781 8.468 1.145 18.401
4.787 5.925 0.727 15.336
3.873 20.234 7.261 25.601
0.859 7.477 4.923 1.935
0.165 5.368 18.058 5.510
3.062 11.010 0.856 6.707
0.384 6.048 7.095 18.615
6.352 4.641 9.629 4.219
1.009 9.066 1.994 2.071
16.320 0.340 7.654 2.448
6.205 20.932 25.576 4.608
6.533 14.591 15.603 10.855
12.272 1.428 8.431 17.244
8.330 4.827 0.689 4.665
8.624 7.124 1.252 2.913
5.903 0.675 3.236 5.042
3.042 14.819 7.261 0.516
5.277 15.238 5.025 12.223
17.962 4.926 4.966 3.824
6.060 4.681 2.852 11.832
4.113 7.891 2.420 11.360
3.188 7.858 2.808 11.629
4.325 16.919 4.194 4.882
0.653 16.333 14.137 17.443
17.885 0.994 0.094 6.380
3.519 12.765 13.869 4.654
5.424 5.126 1.633 10.544
15.960 3.082 2.891 7.924
0.355 2.998 2.541 2.102
6.538 1.388 1.957 16.638
2.642 11.546 15.799 9.625
7.365 5.112 13.895 5.462
24.216 14.080 7.890 6.378
2.324 11.165 4.654 6.532
1.693 11.020 17.075 11.805
5.325 11.839 2.678 8.923
8.520 0.582 3.137 1.087
9.875 8.622 9.035 9.253
7.354 14.835 9.749 5.111
10.620 0.198 3.648 19.664
5.914 9.541 6.196 18.864
10.730 5.421 5.726 12.727
13.601 7.715 3.562 1.821
4.507 3.194 4.086 10.825
9.604 5.910 9.875 6.089
1.457 11.888 14.430 1.871
6.483 2.730 7.004 2.211
2.928 10.243 10.907 23.400
0.420 11.246 6.879 4.574
0.547 11.587 16.301 4.514
13.640 11.454 1.016 17.070
14.841 8.181 4.710 13.435
0.257 6.348 7.080 9.274
18.592 21.513 3.455 0.047
7.796 7.583 7.868 9.372
19.454 13.394 1.299 14.155
12.213 14.176 8.763 0.354
7.685 14.850 2.990 22.875
9.289 6.448 16.328 10.273
14.897 9.466 9.404 11.570
6.419 13.702 5.149 0.131
0.819 6.263 10.819 0.881
0.329 18.808 0.514 4.929
5.417 0.183 4.946 16.048
5.002 13.742 2.373 0.009
13.246 4.296 11.520 8.590
4.751 3.436 4.424 12.728
9.909 3.751 7.950 5.883
8.093 8.254 3.657 0.110
17.108 5.829 15.273 10.609
0.715 7.563 2.027 6.348
8.759 18.854 3.773 15.422
16.038 0.602 3.726 6.265
6.685 4.648 0.813 10.444
4.448 14.539 16.337 24.338
2.467 6.837 6.297 4.053
18.344 6.998 8.559 3.340
17.466 2.460 13.094 0.040
11.513 0.431 14.741 6.805
18.363 4.204 10.512 7.433
2.570 3.807 10.926 6.973
10.556 8.742 14.268 21.698
14.617 7.235 9.677 1.915
20.448 20.175 6.553 2.785
1.428 14.035 24.760 6.279
20.642 1.034 5.272 15.197
15.296 1.563 0.903 1.477
11.814 4.894 7.265 2.323
6.716 1.294 6.057 15.844
7.191 6.209 7.832 15.415
1.783 0.424 5.105 10.709
18.322 2.049 15.081 16.279
16.035 0.783 13.004 4.493
22.751 21.148 15.685 1.021
19.264 6.488 10.470 0.150
7.603 7.473 3.299 4.408
0.690 0.678 9.856 0.972
11.742 1.226 4.495 0.379
0.469 8.193 7.609 1.707
19.036 18.320 6.332 0.798
10.309 12.710 4.500 11.938
0.976 6.474 12.310 12.254
16.065 10.321 5.367 13.961
5.645 8.956 17.222 1.008
8.714 3.328 18.879 8.255
0.328 11.066 1.035 5.228
15.392 0.488 0.281 5.186
17.555 6.818 18.597 9.973
4.896 7.241 12.835 0.942
13.048 8.189 9.920 14.727
4.556 13.628 15.256 0.543
6.033 11.992 0.321 13.045
7.962 4.010 17.677 18.880
11.150 9.550 7.170 6.801
0.140 7.744 4.090 5.898
3.345 13.411 8.307 2.245
9.734 8.136 6.269 8.895
17.275 3.080 17.174 25.195
9.995 1.150 10.209 10.596
22.233 3.267 14.110 9.676
14.639 14.281 6.436 1.089
15.100 3.918 11.058 8.211
2.586 8.843 2.111 2.013
1.045 0.639 19.055 5.599
1.191 0.076 3.297 13.157
17.243 8.708 6.439 4.620
6.859 6.639 0.549 3.264
2.747 5.313 14.625 4.770
8.829 12.256 8.773 0.888
4.940 0.365 8.194 0.768
9.327 21.611 0.061 8.766
0.687 1.119 5.002 13.083
5.923 1.809 8.617 8.031
0.889 6.915 5.541 2.019
4.974 5.031 3.451 13.459
5.709 12.286 2.430 13.261
6.721 18.065 11.651 6.046
7.205 7.861 8.842 23.770
7.259 9.063 4.147 0.920
10.377 3.560 2.050 1.178
0.634 13.132 15.887 2.718
16.750 12.123 8.739 9.580
4.169 7.671 15.655 0.109
10.349 1.054 0.142 9.805
4.417 0.067 1.725 7.476
16.289 0.420 14.594 6.590
6.001 8.342 14.524 5.114
15.313 16.770 18.001 4.954
1.591 14.713 11.488 20.460
12.683 1.195 7.494 10.526
2.587 0.607 5.031 0.462
12.984 5.472 3.768 15.351
0.782 9.251 5.607 3.392
2.993 17.758 4.110 4.089
12.246 7.305 1.488 16.931
8.672 6.959 2.733 13.082
25.368 1.044 7.321 4.808
1.487 12.659 3.335 18.523
11.875 13.614 5.880 10.047
11.649 3.431 12.848 16.871
8.639 12.888 4.669 13.554
16.411 10.419 3.811 15.401
9.080 1.051 8.850 10.756
14.555 13.400 3.600 12.100
1.266 2.079 6.862 11.444
2.256 2.510 1.052 8.473
12.574 9.476 1.242 0.299
2.584 4.836 1.795 8.529
4.358 21.944 8.392 12.428
0.336 8.544 6.792 25.215
28.846 17.293 7.987 9.706
0.384 1.527 5.270 8.596
1.687 8.606 11.317 13.732
2.066 7.083 3.924 11.314
13.124 14.445 8.726 6.206
9.085 0.192 2.529 31.821
3.028 9.219 1.012 1.705
7.851 15.395 4.236 10.067
15.243 4.168 19.153 5.986
10.922 4.004 4.978 5.812
16.629 0.658 16.085 3.789
7.855 1.567 12.150 4.034
2.190 13.416 4.250 6.424
4.165 1.057 4.250 16.104
2.111 9.257 22.077 0.254
8.719 1.449 11.495 8.612
5.611 6.848 12.203 13.345
9.001 0.706 6.064 4.970
7.397 11.782 4.302 2.237
10.597 14.710 6.385 15.196
15.903 5.280 23.856 4.816
2.460 7.552 3.290 12.824
1.353 2.873 5.954 2.459
5.697 10.631 13.021 24.390
10.097 3.940 7.384 14.842
23.643 16.285 8.785 14.535
3.749 5.212 10.503 8.320
8.444 10.691 0.741 2.756
0.942 2.910 2.918 4.933
1.608 6.546 0.834 3.095
12.795 0.836 13.571 11.217
4.906 4.584 19.067 24.323
11.348 6.484 19.106 6.662
21.233 1.614 5.505 11.421
11.872 0.592 11.103 11.909
9.528 3.447 0.857 2.865
12.629 10.246 12.392 15.186
21.144 2.711 0.143 3.108
11.575 21.930 1.217 18.391
7.861 2.512 8.469 22.574
3.139 2.451 0.266 9.847
2.978 20.785 1.792 3.489
11.681 9.547 10.184 5.036
4.724 19.933 5.859 1.443
5.308 6.566 11.571 12.360
3.053 3.053 2.297 13.043
10.266 9.316 14.072 0.253
8.521 10.997 19.985 6.039
4.738 4.285 4.434 1.394
4.193 7.656 3.638 10.991
9.957 8.912 12.861 0.016
12.112 19.491 0.831 10.387
5.882 13.886 6.882 4.338
0.248 15.673 12.258 8.329
4.914 0.153 10.841 14.024
9.301 8.867 10.358 6.288
11.843 26.348 9.705 2.075
0.464 8.087 5.784 14.027
9.715 0.222 14.562 2.161
24.445 6.179 14.393 5.701
23.373 2.639 6.031 1.334
9.875 13.154 8.641 12.086
15.859 12.689 8.392 4.329
23.137 5.930 12.803 8.186
0.623 5.506 1.904 17.308
1.465 4.643 1.154 3.822
3.201 22.736 10.005 17.767
20.587 12.874 12.629 15.750
5.816 4.868 7.496 7.094
9.836 3.456 2.020 13.116
19.321 5.531 6.384 1.595
1.518 1.944 1.861 3.027
2.270 4.755 4.200 4.963
10.922 15.080 16.784 17.603
7.173 14.135 21.614 5.252
7.944 6.845 7.841 4.907
9.652 7.327 7.771 6.989
10.034 9.779 20.895 4.523
11.772 6.313 5.188 12.895
8.915 8.357 8.742 12.082
7.620 13.220 20.728 1.781
2.446 5.157 14.744 0.075
14.135 4.979 14.871 7.197
0.285 1.678 10.085 3.956
9.718 8.731 8.931 16.920
0.242 4.102 3.169 9.253
21.759 4.871 12.473 4.661
3.568 4.663 1.034 6.823
11.672 20.547 21.508 6.980
4.457 1.097 4.935 5.970
24.304 17.316 7.316 8.916
10.101 4.663 2.042 7.930
9.801 17.703 6.955 26.784
17.934 2.550 7.049 4.716
9.403 18.634 27.902 4.078
10.296 1.438 0.896 6.889
0.070 15.538 4.119 8.273
3.620 15.605 3.971 11.053
8.668 14.052 11.063 5.270
22.447 1.425 5.454 15.598
22.477 1.236 6.615 19.179
6.301 1.108 15.092 5.867
2.067 1.369 0.941 10.469
3.546 10.163 8.850 7.952
18.479 19.678 10.635 9.625
0.254 3.075 41.655 10.150
2.152 3.279 7.623 4.873
5.864 7.831 0.227 1.888
27.385 2.532 6.412 8.359
4.728 2.643 3.773 12.404
5.052 3.632 1.705 1.200
5.118 0.418 15.053 16.268
1.839 8.113 6.735 8.082
3.731 2.498 4.134 6.420
6.275 2.313 0.786 12.974
0.827 7.830 7.630 0.291
2.907 5.707 9.983 0.804
1.285 9.970 24.382 10.139
9.502 11.120 9.515 6.663
1.219 0.969 3.432 1.837
4.518 0.203 0.701 3.646
12.251 1.546 9.452 6.179
6.900 4.481 4.756 8.806
9.595 22.610 12.904 4.339
4.341 1.826 5.456 8.758
7.193 7.404 6.748 20.750
4.270 3.331 6.297 4.940
5.977 8.428 5.004 4.293
10.360 0.421 11.918 10.959
4.217 0.153 6.983 7.042
0.089 24.932 0.078 2.664
0.841 5.051 18.793 13.250
0.627 0.765 13.795 2.244
5.809 0.078 23.689 2.730
10.949 0.586 2.461 1.023
22.338 4.931 5.844 4.666
14.659 5.199 5.242 9.762
7.865 0.918 6.025 1.337
3.478 9.509 4.741 12.086
4.871 7.701 0.202 1.865
15.286 5.189 21.631 15.642
4.573 5.161 3.163 10.418
5.994 11.631 3.446 16.384
3.396 12.299 16.799 4.985
3.582 2.221 14.806 11.024
5.311 1.926 16.280 6.966
0.016 3.097 9.307 0.946
16.187 5.827 6.474 2.901
14.283 7.984 2.710 1.032
13.388 5.425 1.085 9.151
12.333 7.838 1.394 4.821
0.965 30.329 11.481 2.916
3.421 9.142 16.929 1.167
3.417 12.101 1.880 8.488
4.719 14.351 0.893 9.453
10.603 4.322 18.101 4.052
2.307 0.685 9.764 1.145
13.208 9.961 0.991 4.727
2.959 1.636 7.442 14.586
6.734 20.481 2.630 12.585
6.377 0.677 10.291 10.638
13.159 12.863 3.110 3.173
4.848 5.823 9.811 5.291
1.183 8.044 10.937 7.711
8.470 1.339 4.845 7.697
0.040 4.828 6.498 23.498
7.835 3.158 12.558 10.187
4.223 7.464 2.322 3.013
4.278 2.063 4.090 2.214
14.330 10.589 13.913 3.894
4.399 2.830 6.398 7.038
0.016 28.812 0.058 15.424
2.289 18.496 4.078 6.481
9.316 5.566 3.005 20.557
0.683 2.376 2.859 0.760
19.897 13.007 7.286 6.884
12.235 4.290 7.335 6.930
6.367 10.737 1.835 5.921
16.225 2.085 0.643 3.409
12.212 12.384 0.866 5.333
2.299 9.489 1.113 21.905
8.239 2.700 4.099 8.582
13.432 8.833 18.531 10.373
13.860 9.405 8.039 10.695
0.495 11.963 22.646 4.744
11.736 7.868 3.051 6.662
24.000 8.181 13.933 2.592
15.466 3.341 3.314 26.653
11.265 6.811 5.965 4.158
12.190 20.064 15.588 14.462
6.165 8.439 25.319 4.320
3.553 5.140 9.071 8.248
9.350 0.210 2.079 2.391
5.553 8.319 16.086 3.021
3.622 1.457 0.990 11.781
8.162 14.478 0.207 5.751
3.488 1.214 4.325 2.756
5.265 8.478 2.488 4.888
9.391 7.213 3.575 4.799
0.979 21.003 0.347 12.758
16.572 7.416 6.031 13.636
5.313 19.851 0.122 7.118
3.255 8.116 8.755 11.698
14.126 2.932 15.601 6.456
1.940 2.008 1.402 16.364
12.847 6.604 16.800 20.298
10.008 2.982 2.613 18.779
6.665 12.206 16.257 15.305
13.764 14.167 0.729 9.637
4.570 6.333 10.583 24.372
1.954 6.209 1.909 0.884
6.506 2.233 1.724 11.623
1.739 10.702 1.139 2.749
15.682 8.807 4.710 2.942
1.218 12.216 14.107 2.529
7.407 10.585 8.941 11.270
4.064 1.607 2.760 12.088
2.507 15.264 9.187 9.138
12.856 8.241 0.455 10.721
4.819 9.861 2.309 8.046
8.402 3.692 7.898 0.165
1.580 9.155 14.358 3.473
3.847 5.940 9.767 16.181
1.805 13.397 4.337 7.127
4.887 4.397 14.087 3.636
8.273 5.062 7.333 1.792
6.393 2.907 4.177 7.116
15.285 4.095 4.012 4.601
0.865 0.112 8.128 6.052
0.156 10.496 9.502 14.594
9.485 4.478 8.865 12.387
7.128 10.711 7.977 1.831
13.155 18.800 10.358 7.822
5.164 8.273 10.906 24.014
2.720 10.080 16.711 7.239
20.226 3.411 1.640 7.851
26.525 12.447 13.954 10.703
13.194 10.872 5.685 0.570
19.643 1.576 11.661 12.229
8.041 4.980 5.500 18.947
10.075 5.121 6.352 1.216
22.069 18.126 14.696 0.489
0.057 1.495 8.988 5.666
10.759 9.275 1.267 11.786
7.179 3.835 6.487 0.818
6.160 17.287 11.293 1.951
0.429 5.029 5.239 4.248
7.225 10.496 4.756 9.887
14.460 3.635 6.959 3.634
1.228 4.315 2.279 6.146
2.015 6.369 17.579 2.782
17.205 10.775 5.795 0.666
5.163 10.089 6.236 2.588
4.967 8.866 4.778 17.542
4.006 1.976 3.350 9.696
9.181 10.530 0.997 10.409
1.335 10.051 6.567 9.010
27.693 8.409 7.349 7.125
8.392 11.001 0.689 2.796
5.096 6.915 3.208 1.253
9.694 3.764 7.789 1.591
10.876 7.274 21.556 10.959
2.357 11.507 3.863 1.152
9.114 4.687 5.471 10.572
0.633 2.481 7.007 9.835
2.435 3.785 4.114 5.881
4.875 7.911 9.039 15.329
4.773 24.707 15.015 11.158
12.098 13.180 3.876 17.098
18.674 28.894 9.615 12.515
5.405 7.428 6.065 2.701
3.774 3.843 5.329 14.486
4.109 7.257 14.594 18.302
7.119 4.581 5.450 6.987
1.393 0.674 5.504 13.161
5.692 4.722 4.695 5.380
3.040 2.145 3.470 6.545
7.980 2.946 1.993 3.881
4.130 17.930 2.459 13.127
8.519 12.842 0.927 2.719
5.036 5.357 9.252 20.084
2.011 11.763 1.760 10.659
11.013 12.706 12.684 2.041
16.987 3.548 7.437 4.202
9.127 14.766 12.776 1.989
16.566 1.222 1.873 15.400
2.567 5.920 19.268 14.536
1.176 9.849 0.748 1.392
6.210 17.105 1.463 4.636
14.308 1.662 3.298 7.237
1.578 6.075 4.781 9.421
8.614 8.834 6.460 4.100
5.037 6.231 7.757 5.824
5.213 4.402 20.926 4.953
1.656 1.167 12.707 8.269
7.306 9.603 1.931 2.028
9.834 4.174 1.776 21.869
18.526 12.477 2.715 3.707
14.770 10.102 0.456 6.989
7.275 1.608 11.901 15.584
0.505 7.425 5.525 7.811
6.846 0.444 9.740 6.217
13.111 4.961 0.445 9.345
20.021 8.526 1.159 13.932
5.142 2.012 8.507 14.928
8.931 7.680 6.505 14.686
14.289 9.360 1.714 4.906
7.953 8.505 4.595 20.751
7.822 6.320 9.658 7.411
11.161 8.863 18.854 8.792
0.193 0.889 15.043 0.569
14.894 5.133 1.526 3.415
1.922 4.792 3.919 18.300
5.276 0.534 5.930 11.283
2.018 15.874 11.563 6.162
2.552 20.318 4.522 20.365
2.658 1.511 19.773 5.825
5.095 2.680 0.590 12.615
4.964 1.923 6.790 1.105
13.326 11.553 1.772 12.169
2.942 9.022 15.090 14.838
1.965 1.645 2.690 9.293
3.003 2.130 17.507 3.352
15.030 0.860 2.503 3.596
11.576 4.710 3.706 32.249
0.796 7.144 3.469 18.098
0.291 1.564 2.085 21.629
0.212 1.433 1.790 12.416
23.947 2.715 17.021 0.165
18.000 10.716 3.937 2.056
7.706 13.401 2.734 9.092
10.723 2.608 4.058 15.154
21.770 5.893 16.630 2.761
8.569 4.900 1.098 9.811
7.980 6.103 4.519 7.100
7.691 4.106 8.704 3.281
5.550 8.568 9.383 17.305
0.460 1.792 10.361 1.970
20.430 4.131 15.409 4.450
6.050 6.845 1.777 0.930
12.295 9.989 4.576 1.139
7.230 5.108 9.639 4.982
3.547 7.111 13.718 7.196
11.860 8.051 23.675 12.792
3.043 0.043 3.362 1.086
9.077 2.437 2.091 6.540
12.432 6.209 7.487 7.696
24.170 4.301 11.185 4.599
11.410 1.603 4.161 10.915
13.223 5.427 0.478 0.801
10.924 11.194 15.282 9.345
4.558 8.861 10.405 0.310
20.728 25.767 0.345 6.105
7.326 1.580 12.895 13.275
6.668 10.033 13.687 0.143
4.292 14.784 16.882 3.405
6.689 15.284 1.145 15.441
4.326 0.973 3.909 4.720
2.353 2.123 1.595 12.670
2.857 1.413 19.572 0.994
0.541 7.937 8.966 2.409
9.262 11.332 12.863 14.934
10.689 4.221 15.522 19.505
21.119 2.582 5.097 0.015
9.471 6.984 9.251 7.058
12.722 8.651 6.267 16.201
4.142 3.002 23.289 17.994
6.923 1.657 19.840 0.111
6.020 18.088 2.149 15.635
3.620 8.971 4.557 17.777
10.150 0.807 9.486 8.947
24.548 5.787 1.981 3.134
2.915 10.145 14.673 7.419
0.988 21.366 21.164 2.269
4.177 2.058 7.609 12.807
21.083 16.421 14.917 1.888
29.218 1.673 0.934 13.574
8.322 1.960 2.172 8.284
2.293 2.970 2.690 1.545
10.300 7.862 13.511 3.677
4.594 3.852 3.203 3.451
19.498 5.143 16.284 4.950
5.591 22.185 4.238 2.189
12.284 1.449 7.316 2.845
11.054 1.030 13.618 11.013
20.368 3.394 2.390 13.539
1.569 0.050 4.853 21.166
1.793 4.341 8.382 2.738
15.255 4.217 2.084 18.154
14.563 5.103 0.549 2.416
2.934 20.602 4.097 8.634
5.393 1.475 1.202 0.557
2.740 0.275 0.463 8.468
1.536 12.775 17.272 5.831
1.117 0.242 9.956 5.447
12.154 6.724 2.078 6.648
9.599 6.653 2.700 0.231
4.119 2.834 13.800 18.705
2.517 2.736 11.576 7.365
3.510 1.746 15.016 5.106
0.532 5.711 12.844 19.240
17.432 22.688 2.035 8.126
3.108 1.082 2.984 5.642
10.677 16.581 2.735 1.528
9.923 5.391 13.346 0.730
0.183 9.088 1.877 11.614
11.701 0.272 0.956 2.399
10.802 2.039 5.879 17.235
13.612 0.981 5.594 15.343
1.996 18.420 1.602 4.096
8.122 8.350 1.354 0.052
19.747 7.775 14.844 8.760
1.943 0.916 10.044 15.507
5.632 13.799 12.171 15.420
4.983 16.705 8.638 16.754
9.694 6.949 10.433 8.833
13.101 8.824 9.095 3.536
10.255 20.461 1.421 13.249
15.335 18.953 4.600 11.946
17.789 12.457 7.826 6.583
1.491 7.645 5.296 0.688
8.717 9.690 2.296 5.625
1.923 0.365 7.680 10.143
10.328 1.375 1.355 4.641
3.968 15.327 0.182 0.914
4.344 0.149 11.252 9.943
18.177 4.214 11.123 14.579
15.373 2.356 2.289 0.125
8.257 18.812 6.189 14.725
4.469 0.600 15.811 7.708
5.140 4.263 12.039 0.748
17.595 12.165 1.533 5.661
3.824 1.899 15.457 7.819
9.482 7.378 9.225 0.969
5.162 5.743 0.077 1.840
9.420 17.482 17.282 11.281
6.067 0.806 2.116 6.964
3.355 8.816 17.383 3.163
15.428 1.797 3.745 12.622
1.743 18.952 7.476 14.116
8.542 6.658 35.774 19.322
11.678 13.781 9.196 7.070
10.958 0.576 12.698 0.726
7.472 12.624 11.219 9.393
9.539 4.445 5.908 3.493
17.360 0.761 12.024 3.027
8.455 4.914 6.648 9.860
12.948 1.355 12.257 3.950
14.703 2.908 6.883 8.567
11.317 1.368 4.574 12.886
4.320 0.431 18.955 22.055
3.647 14.513 7.787 14.835
6.304 1.713 9.761 10.079
9.442 0.690 4.387 3.944
4.407 0.919 5.106 31.134
10.152 10.020 1.657 1.269
10.298 11.433 16.887 10.528
10.333 0.883 11.642 3.018
6.371 8.087 11.493 5.042
9.091 0.215 11.441 0.263
4.800 24.510 3.514 3.596
6.872 9.385 0.231 3.962
5.708 0.456 11.115 6.091
8.293 1.228 4.650 13.518
14.893 12.749 0.182 3.218
9.388 2.995 6.729 1.886
9.208 15.368 6.441 0.868
23.180 11.244 8.115 0.638
1.634 5.712 7.332 3.363
0.063 7.285 13.709 2.731
22.534 13.983 7.923 13.819
9.442 3.391 1.774 8.863
2.948 2.184 4.838 4.073
4.153 4.574 3.021 7.514
12.177 15.086 13.015 9.308
7.012 5.466 12.434 3.083
14.009 0.131 1.580 7.369
1.430 8.719 10.209 1.456
3.378 10.622 16.444 7.896
3.787 6.834 1.104 1.446
16.511 4.273 2.986 4.684
14.243 5.201 5.597 2.400
27.415 16.863 9.242 2.455
7.282 7.675 3.603 7.922
14.220 10.052 8.369 17.183
6.914 18.116 5.569 2.179
16.984 6.754 4.665 7.684
12.272 11.801 5.357 9.291
18.389 9.626 7.265 7.071
1.011 1.002 0.702 2.515
3.405 15.938 1.351 0.887
11.326 4.310 1.767 5.842
0.124 0.110 8.744 9.126
15.132 6.855 7.101 12.701
10.467 14.826 4.946 0.985
12.286 4.881 8.690 11.629
8.802 6.505 6.556 7.167
1.923 6.340 0.880 6.890
9.084 0.604 16.595 13.572
5.489 4.147 3.306 18.347
7.706 5.502 16.832 16.224
4.742 14.180 16.053 4.873
8.413 17.312 13.090 9.394
3.683 6.432 13.084 16.022
10.107 1.465 13.359 8.647
4.650 6.805 4.058 11.794
5.641 26.045 1.172 7.015
17.732 1.239 12.334 1.820
8.923 4.284 10.939 2.424
3.739 9.910 2.751 11.973
7.135 4.608 2.378 4.016
3.588 12.573 5.677 10.412
13.410 10.840 15.612 15.777
2.291 16.484 2.100 0.665
3.482 5.027 6.185 13.394
7.656 13.763 11.064 2.827
8.554 23.289 3.175 15.139
0.243 0.539 2.719 14.291
17.823 3.518 6.290 13.109
5.214 1.483 1.058 8.944
4.776 3.620 6.252 0.056
14.111 6.970 23.893 8.180
4.248 12.040 15.218 2.025
2.545 5.917 5.959 11.268
10.575 4.937 14.798 9.021
3.832 10.470 10.814 8.975
9.683 12.743 9.724 8.875
2.829 3.462 11.785 4.491
10.250 12.253 11.277 8.038
1.186 3.356 5.702 0.977
5.452 1.490 3.288 16.668
9.158 7.564 9.885 4.590
0.977 9.671 5.977 6.650
14.725 11.775 0.967 11.323
15.130 12.718 6.497 5.306
8.028 5.525 6.798 1.569
17.063 7.697 11.816 13.565
20.804 7.308 1.754 2.840
28.954 15.368 0.869 13.078
10.782 1.531 1.588 7.727
18.527 12.584 3.902 14.361
2.232 6.401 5.364 1.512
8.836 2.060 10.498 8.078
10.535 3.779 5.326 2.785
6.689 1.613 10.175 0.902
9.072 6.961 8.203 2.958
1.673 5.911 6.246 3.728
2.253 0.011 13.363 5.909
13.749 3.232 2.031 0.912
3.093 29.456 13.734 3.453
6.565 0.541 11.231 1.408
10.736 18.909 3.317 11.331
5.344 7.637 19.309 13.865
13.779 3.898 13.682 4.706
6.398 11.578 0.519 6.387
3.352 3.045 16.083 4.551
5.052 1.181 5.412 8.231
9.287 6.592 9.841 4.926
18.305 0.293 2.546 6.955
2.817 6.226 14.508 15.993
10.799 2.305 0.471 14.351
9.817 6.088 7.383 11.686
6.051 5.815 6.405 9.231
0.987 2.573 3.696 2.617
4.583 5.924 8.172 23.115
15.383 2.644 1.476 4.894
11.962 12.549 0.151 6.755
12.891 3.101 1.451 6.372
2.404 18.746 10.655 8.474
10.008 6.679 1.893 4.215
2.863 9.160 3.813 1.946
0.959 5.926 1.480 18.363
12.480 6.404 7.566 10.910
26.156 0.080 21.059 12.356
4.516 15.910 9.920 2.643
7.094 3.070 1.703 2.567
8.892 6.931 0.411 21.681
6.306 17.730 2.512 4.039
26.084 24.386 8.581 13.918
6.064 1.364 12.791 7.862
11.642 4.567 9.327 22.586
13.620 11.832 9.647 4.320
13.599 8.640 7.811 16.450
1.728 4.040 7.222 21.549
8.850 3.809 7.336 12.017
1.752 5.310 9.279 1.297
1.325 2.915 3.318 12.215
6.909 12.634 2.777 3.099
8.594 7.779 17.619 7.953
2.936 8.954 17.339 9.235
3.913 22.201 15.078 3.648
1.947 1.558 5.111 5.172
3.761 5.674 13.949 3.399
14.054 0.623 15.094 9.807
8.716 12.509 7.850 4.646
3.268 2.280 6.405 6.249
20.200 9.897 7.325 10.385
1.506 0.289 4.388 9.289
3.247 0.151 15.254 3.277
11.947 10.229 14.978 0.472
2.502 16.039 0.289 17.629
25.783 8.677 1.020 17.261
4.986 5.781 1.414 12.469
2.604 7.896 1.418 10.850
2.482 2.897 7.948 7.249
0.076 0.501 21.648 10.332
0.183 16.106 11.448 3.712
3.459 20.103 9.915 0.246
10.064 2.870 0.127 2.355
8.261 1.215 6.764 4.831
13.245 1.016 3.451 19.558
3.846 19.483 2.431 13.898
3.128 7.606 11.165 15.973
12.141 4.916 7.498 4.475
7.680 4.196 8.458 3.631
0.029 12.623 4.722 1.650
3.244 8.014 11.455 12.027
2.468 0.710 5.933 11.281
7.425 8.756 4.168 1.684
9.458 13.397 4.556 22.136
2.776 5.505 23.031 5.114
12.352 2.022 12.444 2.832
13.550 3.523 6.407 2.987
2.595 1.378 2.475 11.641
5.857 1.871 19.464 3.587
14.347 5.243 10.728 1.814
11.274 13.254 5.745 12.152
3.806 7.969 6.116 3.766
0.432 2.997 9.388 2.281
8.377 2.485 8.023 4.316
8.434 6.089 11.143 13.670
0.395 5.146 0.577 16.606
5.987 2.900 0.472 15.634
10.800 3.572 4.213 12.760
11.069 0.230 5.514 4.152
18.490 17.576 14.996 6.984
0.344 10.576 6.264 5.600
7.301 0.561 3.602 10.239
2.789 16.683 7.215 5.764
3.632 10.312 13.512 3.605
1.303 10.034 6.635 14.295
19.873 3.305 0.720 7.252
25.066 14.734 5.773 4.221
3.767 1.347 6.151 9.149
9.044 11.520 7.223 9.096
14.053 10.323 11.581 4.001
2.266 15.884 10.393 0.396
0.856 3.000 7.931 8.451
19.399 15.795 4.876 9.839
6.342 9.633 11.085 4.546
0.683 24.504 0.909 2.355
7.012 0.562 8.491 23.235
9.505 12.473 0.534 6.132
2.457 4.838 10.851 14.836
9.045 5.638 7.809 6.247
3.882 9.174 2.381 0.287
17.491 8.988 0.179 14.190
15.121 13.870 12.965 1.239
6.498 9.377 4.300 14.695
1.735 1.454 1.927 21.275
9.862 3.641 5.975 1.762
1.337 11.895 9.956 22.284
19.061 0.805 11.726 5.151
4.152 8.533 7.684 7.900
0.450 14.343 10.268 1.460
25.208 3.629 0.808 7.555
0.909 5.892 9.345 15.843
0.900 14.819 10.020 0.865
5.585 0.184 2.796 8.180
11.308 1.889 16.703 13.674
1.394 5.964 12.741 8.061
14.384 10.290 8.064 19.683
11.627 10.888 7.988 8.755
15.026 0.469 4.797 3.156
5.086 3.511 13.989 1.810
17.679 3.749 4.291 11.326
16.188 6.715 5.289 10.324
5.097 19.369 4.553 1.450
22.225 13.986 4.486 6.748
0.989 14.296 18.241 6.114
30.118 9.232 0.537 12.181
4.123 23.424 21.745 13.871
1.798 6.676 1.131 15.173
24.567 17.878 15.093 14.709
7.438 6.129 2.878 5.192
11.179 5.957 8.243 7.736
10.721 6.472 5.088 13.051
1.926 8.092 8.984 3.461
10.572 2.019 3.889 4.282
0.652 1.956 2.922 1.937
30.261 1.965 11.065 19.254
11.661 8.262 10.729 12.922
0.764 4.650 18.272 18.512
6.624 4.150 0.774 1.513
1.797 15.967 5.492 13.872
18.475 14.993 14.304 20.430
8.873 13.970 6.415 11.602
2.586 1.271 18.295 17.853
23.328 15.342 4.332 5.586
2.169 4.605 7.747 4.319
7.013 0.507 1.740 2.549
9.518 12.596 3.941 2.694
14.360 9.548 0.345 17.001
8.214 5.852 4.039 15.346
13.592 8.120 26.598 8.805
3.288 11.726 5.892 11.901
3.456 10.258 16.159 14.606
2.971 21.657 14.092 3.994
10.114 10.862 19.436 3.333
10.040 7.640 11.561 9.919
13.692 1.529 10.246 3.278
9.630 1.719 19.191 10.456
2.448 15.848 1.141 6.135
9.325 2.007 7.610 25.528
4.857 14.987 1.509 10.150
1.761 3.397 4.156 2.314
3.375 3.676 3.963 7.144
5.077 2.294 8.607 11.711
18.057 0.752 13.262 4.718
5.889 11.813 12.431 13.049
2.995 11.405 2.297 1.226
7.455 12.842 0.382 26.154
6.661 8.427 3.301 6.877
7.386 7.159 2.167 1.488
10.040 11.430 0.428 1.540
13.065 10.698 12.370 11.081
3.999 4.320 2.046 18.139
9.763 13.989 19.181 7.561
17.808 11.601 12.953 21.946
14.480 6.073 0.821 6.854
1.925 2.405 4.157 13.233
13.806 1.727 0.112 6.019
4.886 16.664 6.189 10.099
6.840 0.024 7.176 14.902
8.342 3.043 5.453 9.968
10.691 3.853 27.125 13.249
1.348 10.966 6.877 1.994
16.060 21.005 5.225 4.910
12.614 21.505 11.469 1.588
10.491 7.824 4.953 7.236
9.937 5.064 13.193 12.783
5.490 7.203 2.029 0.699
2.479 5.492 1.380 6.069
12.881 1.675 6.540 1.932
2.763 3.530 8.847 3.529
12.486 2.149 22.421 5.530
17.752 4.257 12.712 0.232
23.180 12.837 15.093 1.709
3.257 15.949 4.950 4.020
22.028 15.761 15.093 0.432
3.820 8.042 1.366 17.835
10.513 5.578 19.369 0.556
1.888 16.120 2.886 2.071
1.779 19.993 3.789 3.149
10.538 12.367 5.255 2.645
11.487 1.586 15.913 0.757
5.159 0.641 1.718 0.339
14.100 0.502 2.065 20.141
11.758 7.874 10.436 2.830
10.250 6.382 0.835 9.933
4.828 7.264 8.811 10.354
3.005 4.050 24.221 1.059
3.048 10.111 3.757 3.073
9.427 4.451 15.982 1.198
17.962 9.239 0.280 2.138
9.736 5.893 7.608 6.829
20.326 5.460 6.565 3.324
5.445 8.818 7.261 2.450
6.563 1.616 23.180 6.875
5.643 4.198 7.668 17.490
13.775 7.435 4.078 0.911
2.154 1.543 4.428 7.138
6.170 12.673 26.758 12.135
10.161 9.857 18.595 6.220
10.383 5.639 4.348 2.640
10.891 0.738 0.355 2.974
16.300 25.558 4.355 1.754
11.433 6.167 11.163 14.295
13.975 8.913 6.250 2.320
9.011 2.741 8.036 6.281
4.806 15.900 13.646 6.480
6.861 13.679 3.331 1.665
7.298 13.197 13.671 4.674
15.534 5.873 13.910 3.971
15.123 7.071 9.050 2.695
12.192 10.683 1.049 1.165
8.310 10.999 3.874 1.532
9.710 0.298 4.027 7.234
13.154 3.848 0.622 4.420
4.870 18.713 15.781 0.367
1.694 12.018 11.745 13.199
6.162 12.786 13.003 10.453
0.971 0.372 9.042 2.659
0.640 13.794 18.523 0.745
15.652 19.179 13.012 7.653
8.110 6.705 0.061 5.645
4.249 0.731 15.138 28.290
3.954 0.011 3.010 21.733
18.800 5.110 4.982 0.247
9.176 13.491 10.296 20.555
10.778 1.075 8.270 16.228
21.951 3.629 9.758 6.765
5.057 12.318 3.720 11.742
4.478 0.059 7.863 20.670
3.007 3.921 11.800 9.696
8.177 0.935 9.520 8.311
3.052 8.798 4.171 8.339
1.553 0.385 11.661 15.370
0.343 5.323 13.962 7.613
10.409 5.813 17.175 13.776
8.291 12.211 1.577 0.698
22.327 1.884 0.166 0.258
12.817 2.155 2.217 5.053
12.236 9.051 1.357 3.322
27.878 0.332 12.844 16.839
5.939 4.384 10.634 6.383
5.417 18.220 6.133 2.967
9.645 15.042 9.893 0.791
4.267 2.028 2.760 4.522
6.813 7.919 9.402 1.725
9.414 22.315 10.846 14.945
1.769 4.492 0.262 1.242
0.435 2.243 10.170 13.014
11.316 9.214 9.388 11.599
26.125 10.356 11.649 4.912
2.965 10.546 2.162 3.681
13.067 6.211 3.048 11.385
2.763 2.467 9.682 4.712
0.250 2.645 12.550 7.501
3.374 4.238 5.065 13.093
11.234 15.274 2.327 1.290
4.612 12.638 9.691 0.770
12.737 18.877 10.698 3.816
27.283 3.539 9.656 3.165
2.593 10.614 5.443 1.902
5.883 20.023 13.573 2.875
13.143 18.013 2.633 4.006
5.785 16.056 1.203 31.496
13.466 6.004 3.877 6.189
0.103 0.694 2.430 18.055
8.374 6.472 15.403 2.085
5.359 1.494 10.292 3.409
5.023 4.000 3.073 17.345
2.508 3.171 3.245 23.826
12.152 6.880 14.534 17.308
17.424 2.932 1.792 1.342
6.676 8.376 7.285 16.196
17.588 12.427 11.404 1.810
17.588 3.256 19.657 12.814
15.519 13.491 11.624 1.318
5.512 9.844 14.766 12.409
0.804 5.823 3.248 0.794
1.607 1.096 4.028 4.742
13.526 10.655 18.513 6.166
6.310 11.617 2.938 18.740
7.515 25.162 4.263 12.182
1.773 6.112 3.555 9.346
9.428 4.587 5.559 15.073
20.791 7.813 20.231 27.547
17.778 9.308 14.732 5.588
6.588 6.488 0.669 3.112
2.615 4.042 9.855 5.746
0.819 12.363 7.993 0.759
7.569 20.567 16.152 14.598
3.730 2.226 4.955 21.311
3.082 12.712 13.754 0.607
4.727 7.392 11.911 5.542
7.955 11.901 8.223 13.286
2.798 6.755 11.903 5.521
2.532 2.729 3.453 4.071
17.913 1.465 6.591 22.465
9.198 1.642 4.610 4.504
8.413 15.234 5.817 11.547
11.346 4.741 16.185 7.411
5.779 7.752 13.286 5.939
24.947 0.954 6.127 5.195
13.326 0.574 8.016 8.533
0.958 13.952 1.932 6.847
19.311 2.814 12.612 10.043
14.495 0.463 12.816 3.817
28.492 10.419 4.731 2.707
5.185 5.183 26.215 17.844
5.144 1.178 4.931 23.426
4.787 14.006 7.973 11.593
4.197 2.913 9.903 15.566
12.356 4.488 4.063 12.363
6.806 6.188 0.816 0.851
14.183 18.445 2.265 2.683
6.324 2.919 5.173 2.696
10.455 4.251 12.141 9.691
28.464 2.745 0.489 3.560
10.363 0.277 1.480 8.612
4.321 0.350 7.410 8.645
5.430 19.760 6.366 7.827
0.127 5.817 18.354 4.792
2.952 6.779 3.013 0.496
12.035 7.304 4.738 4.718
5.112 11.723 3.560 1.036
8.231 3.860 16.212 16.072
8.255 8.971 16.720 2.760
11.631 16.781 7.406 10.121
8.474 6.494 0.365 1.598
20.999 13.308 15.824 3.379
3.054 2.531 3.864 6.689
6.164 11.043 2.870 11.395
19.390 0.886 4.138 6.495
9.484 6.966 6.290 11.196
9.208 4.598 4.964 3.225
14.018 19.849 3.839 11.927
4.924 12.349 4.797 18.085
5.806 1.511 1.663 3.355
0.048 13.001 5.728 17.981
5.705 12.922 14.222 5.028
3.537 10.088 6.061 14.379
3.222 2.785 9.754 1.613
3.003 6.325 7.618 2.774
1.774 13.991 2.470 0.296
6.735 13.101 4.664 3.674
14.231 0.307 9.901 13.010
14.235 2.523 27.458 1.455
11.956 16.991 15.144 18.868
9.883 10.256 8.740 7.732
8.942 29.522 0.505 16.912
6.569 3.120 11.715 12.892
8.031 4.884 23.806 8.208
20.054 5.235 5.356 11.939
0.782 4.094 3.825 4.959
0.785 8.462 16.075 7.692
4.555 7.601 6.482 19.894
3.525 19.493 10.069 3.511
7.326 9.671 3.841 6.725
11.220 2.534 0.313 15.503
4.259 7.429 6.594 14.128
3.889 10.756 3.040 2.818
1.747 2.660 2.340 10.060
2.878 3.672 13.079 4.084
8.970 1.457 0.726 6.501
14.091 15.522 3.581 15.799
8.861 21.576 8.802 1.800
14.790 9.442 5.247 2.938
13.269 3.434 16.976 0.227
18.040 9.595 3.383 4.398
7.357 10.268 7.757 2.538
8.855 4.211 2.642 8.729
19.754 0.724 15.231 0.981
15.310 2.844 6.498 7.233
1.432 15.825 22.868 9.105
9.121 1.202 6.993 16.082
8.144 0.352 21.113 13.301
1.443 7.592 6.055 0.579
0.037 4.930 0.913 3.266
20.555 1.020 11.401 3.828
17.737 7.903 22.209 7.443
5.483 8.861 2.055 2.728
13.205 3.134 6.472 16.871
9.752 9.188 3.517 15.180
8.813 7.935 4.071 3.619
4.750 0.003 19.499 1.940
4.439 17.904 17.159 6.788
4.090 8.905 2.876 9.237
11.957 5.233 19.108 16.993
4.750 4.902 3.548 11.315
23.350 6.432 19.590 4.334
13.285 5.704 3.370 5.931
1.793 5.863 6.173 9.425
22.516 8.873 3.291 1.235
9.767 15.639 0.268 5.975
2.850 1.197 7.176 8.465
3.735 14.855 10.619 12.001
0.697 13.939 0.652 4.686
15.301 5.056 3.072 10.621
8.844 22.986 6.453 15.122
9.428 2.452 5.216 10.287
2.129 0.054 6.647 11.720
3.918 12.223 23.165 3.908
10.530 6.999 6.863 7.643
8.486 2.606 0.342 6.750
7.597 11.981 2.760 24.115
1.313 16.659 14.663 0.170
2.134 8.674 0.758 5.251
1.810 0.764 5.733 2.649
0.039 8.847 7.459 9.169
6.528 17.469 2.468 1.400
3.834 0.746 9.496 5.769
3.595 1.479 7.599 5.884
0.066 3.046 3.192 3.294
9.342 1.030 20.236 3.919
2.058 0.462 0.255 9.844
0.564 22.870 2.924 0.879
12.312 1.442 2.030 6.837
3.381 12.275 7.920 1.123
2.304 21.977 3.277 0.523
6.223 14.701 1.207 4.149
22.402 0.457 10.274 9.994
7.303 7.340 9.800 13.485
13.155 2.001 7.441 8.598
6.099 9.617 3.388 15.446
7.548 6.599 7.489 17.444
17.084 5.425 1.797 7.325
3.122 5.182 20.904 20.179
7.302 2.065 8.912 8.928
12.943 8.836 2.976 8.916
3.393 7.334 6.547 11.234
9.018 3.463 11.978 0.410
13.404 0.642 14.122 3.757
1.354 5.043 5.920 1.111
7.582 7.203 7.895 9.629
0.814 3.637 22.486 9.667
4.785 17.409 6.403 14.550
3.880 6.351 7.484 8.131
8.191 5.956 18.380 4.441
18.786 0.855 12.484 3.814
11.250 7.702 5.718 23.797
3.613 11.707 11.800 14.381
4.984 12.822 17.200 6.418
11.442 9.627 5.473 5.498
6.704 1.095 15.527 7.267
16.986 15.260 15.227 4.911
5.155 1.889 5.131 8.401
8.000 8.535 3.090 11.633
7.099 20.091 1.984 0.153
10.497 0.406 0.360 8.651
0.147 0.358 0.862 1.052
10.335 1.382 3.443 1.075
1.236 2.689 15.964 3.573
8.278 1.279 14.738 1.406
6.754 9.733 13.710 14.353
16.293 15.121 2.340 5.462
6.090 21.463 3.510 4.242
0.862 6.620 4.742 0.051
12.176 3.152 12.475 0.526
14.930 2.524 0.249 3.614
4.199 10.342 7.686 18.625
15.626 16.945 7.751 4.991
22.381 7.259 12.630 2.770
5.831 13.050 7.141 6.044
8.258 0.807 16.925 5.728
9.212 20.544 5.277 9.051
18.567 7.219 9.852 0.347
15.751 6.489 6.394 3.317
4.524 10.497 16.910 8.356
1.184 3.374 9.540 21.832
8.487 6.612 9.289 6.164
3.821 9.831 0.621 1.497
6.611 11.209 3.646 7.473
5.322 33.667 7.522 9.352
13.647 0.912 11.892 7.648
2.678 19.439 9.847 10.511
1.060 1.538 2.106 2.717
10.791 1.660 1.012 16.086
4.833 3.401 2.344 8.239
2.227 0.325 6.428 11.398
20.032 15.340 8.478 16.045
11.076 8.853 8.939 9.854
14.862 5.654 17.159 9.246
2.206 0.923 5.751 14.258
5.730 12.320 27.468 6.589
14.466 4.744 4.795 8.780
0.996 0.528 7.064 4.002
5.319 4.353 5.536 7.793
7.036 4.534 4.571 14.343
11.613 9.259 3.113 15.862
7.621 0.040 9.904 0.479
1.919 8.083 10.126 0.382
6.488 2.469 4.758 15.462
5.649 8.488 8.548 6.750
3.736 1.438 5.768 2.578
10.435 6.351 12.491 1.274
11.247 8.671 5.384 4.426
13.514 1.153 17.054 2.114
12.525 0.822 2.727 7.688
3.891 4.365 4.806 2.531
4.481 18.472 2.087 9.033
0.673 10.460 3.235 9.093
7.519 0.713 0.944 7.309
4.569 11.186 18.217 8.880
4.988 2.968 17.331 23.153
3.380 14.224 0.069 4.011
12.512 0.266 0.243 6.633
13.057 4.352 0.614 8.830
13.743 3.217 17.854 10.568
2.006 11.112 25.945 8.962
5.025 5.108 7.524 1.178
4.356 2.184 1.085 0.050
11.737 7.665 13.906 11.214
14.191 4.801 4.169 18.460
14.865 11.569 10.786 3.294
1.761 0.059 9.360 2.934
3.185 4.270 9.417 3.222
16.111 7.922 21.259 3.697
5.673 8.790 8.500 18.869
11.918 15.178 5.016 4.574
8.241 6.367 1.829 1.122
2.344 15.860 13.160 10.437
6.900 4.721 13.306 6.473
8.570 2.751 7.968 19.339
16.048 14.190 8.069 20.612
4.772 4.278 0.616 6.163
9.725 16.375 9.099 0.967
4.349 0.310 7.495 7.635
11.717 2.098 7.471 18.109
8.887 5.478 4.121 8.009
8.946 13.471 1.649 4.889
2.247 19.509 21.724 0.875
5.216 4.041 7.008 14.750
7.685 0.673 19.032 24.852
0.402 2.566 7.369 3.174
1.885 19.028 12.192 8.995
3.191 8.394 2.849 3.595
9.801 16.417 12.053 1.396
9.574 3.153 14.233 2.131
10.551 5.507 6.025 4.990
20.142 2.913 16.868 13.958
17.408 1.202 5.577 9.741
7.466 12.601 4.609 2.912
5.672 18.334 4.667 5.106
15.069 10.069 4.515 13.786
4.702 10.837 9.464 12.321
10.572 15.104 3.882 8.940
0.547 13.496 2.977 9.607
7.071 26.560 7.363 1.688
7.167 3.115 18.267 1.659
7.823 11.878 10.246 23.290
2.343 4.253 11.678 4.014
20.622 17.217 15.384 10.593
4.826 6.572 14.154 12.878
13.559 0.329 9.803 3.632
8.705 8.828 5.350 16.856
3.441 15.268 11.921 0.974
12.752 14.386 4.208 24.356
20.846 6.491 18.397 2.381
9.121 1.674 5.440 9.837
17.973 6.123 1.083 13.545
15.421 8.914 2.931 8.084
11.035 3.214 9.409 3.509
6.455 22.041 10.576 14.623
12.745 1.067 1.632 3.212
9.808 8.845 4.681 9.050
3.880 12.394 6.755 7.864
17.952 9.117 9.627 25.684
5.335 3.425 1.758 3.510
0.961 12.721 20.607 0.770
19.718 5.462 6.943 3.534
15.283 8.319 0.892 8.989
3.191 20.455 3.943 10.405
12.581 4.752 15.398 4.501
6.739 0.048 0.134 11.939
0.535 7.296 3.068 4.782
9.761 8.050 8.887 11.259
17.558 3.550 13.426 2.587
5.005 2.997 0.469 17.422
3.889 12.184 9.477 18.780
7.203 13.666 7.077 3.536
18.111 9.970 8.299 11.047
8.470 2.576 0.847 17.113
1.187 7.849 7.024 0.905
22.818 7.489 6.806 5.916
4.823 0.140 3.868 4.882
1.082 3.746 25.802 22.697
18.987 1.156 1.898 1.799
3.619 3.699 1.592 3.880
15.245 7.849 14.925 2.989
9.367 4.444 3.982 6.026
10.669 11.354 2.544 10.714
5.281 7.644 17.573 11.862
4.082 3.417 12.558 5.019
4.667 4.201 11.837 2.164
13.764 9.780 2.034 0.298
7.745 7.328 0.144 10.804
8.280 9.669 8.218 4.450
4.165 4.911 6.007 2.593
4.689 7.172 13.947 2.744
5.498 18.560 10.923 18.403
2.379 10.275 1.581 6.994
18.413 5.743 17.774 20.399
0.164 1.364 1.566 9.793
20.201 2.838 21.002 6.288
1.246 10.022 10.297 13.448
8.245 21.843 14.254 17.415
1.055 0.630 0.380 2.288
12.789 0.450 12.182 11.257
0.627 8.338 19.474 1.449
8.238 11.789 1.541 3.674
0.296 4.870 0.167 0.452
7.782 33.360 15.884 30.151
4.897 7.953 21.658 8.650
6.355 0.371 7.392 18.107
16.535 0.732 2.211 8.037
7.358 1.511 23.718 4.873
1.303 14.431 6.701 10.589
14.404 12.463 3.591 5.439
8.220 11.016 2.883 10.600
5.804 1.586 3.514 16.789
10.382 11.811 10.052 11.021
1.290 10.815 9.115 5.074
30.820 2.486 11.024 9.230
32.869 1.708 4.829 1.988
11.579 3.630 7.940 16.224
13.197 23.990 9.752 14.522
1.056 3.087 1.761 7.187
8.567 8.177 15.523 0.808
3.564 8.125 11.814 3.323
20.196 13.406 7.293 4.274
12.289 4.800 2.731 12.775
10.162 13.088 10.500 18.264
18.149 16.033 15.210 2.108
5.346 6.010 0.468 3.183
10.039 4.138 9.443 9.527
3.451 1.105 1.744 8.516
7.685 6.891 4.649 11.399
1.747 13.293 16.524 2.838
16.383 6.330 20.053 9.167
15.676 4.066 1.926 5.750
4.392 3.847 5.727 5.375
4.994 1.030 1.164 15.949
2.043 1.017 5.803 6.882
27.693 5.641 8.044 1.192
4.414 10.057 13.865 5.554
23.136 3.742 6.005 15.897
9.476 22.825 1.444 1.572
8.555 10.856 10.034 0.255
10.186 7.632 14.625 5.048
7.535 5.373 10.580 15.333