32
0 1766 1224 1648 1752 1634 1780 1318 1369 1960 2044 1034 1238 1899 1414 1357 1585 1613 1534 1246 1026 1744 1901 1344 1760 1986 1912 1542 1884 1431 1774 1175 
1766 0 1787 1904 1237 1498 1137 1692 1289 1112 1778 1355 1866 1896 1181 1438 1207 1443 1032 1925 1951 1279 1785 1867 1134 1156 1657 1385 1330 1810 1650 1520 
1224 1787 0 2028 1499 1283 1449 1089 1617 1821 1753 1275 1569 1616 1862 1147 1478 1091 1043 1533 1737 1430 2015 1602 1326 1494 1627 1676 1772 1948 1706 1818 
1648 1904 2028 0 1631 1673 1898 1645 1140 1563 1426 1547 1314 1364 1469 1605 1800 1228 1695 1909 1992 1943 1050 1981 1352 1813 1724 1835 1292 1120 1798 1261 
1752 1237 1499 1631 0 1310 1404 1731 1685 1323 1748 1971 1806 1982 1135 1767 1790 1548 1484 1418 1974 1248 1141 2031 1229 1371 1608 1456 1771 1362 2002 1392 
1634 1498 1283 1673 1310 0 1973 1611 1384 1777 1077 1996 1629 1188 2021 1584 2029 1359 1658 1098 1160 2019 1593 1539 1150 1036 2014 1088 1504 1101 1773 1858 
1780 1137 1449 1898 1404 1973 0 1125 1906 1769 1397 1672 1268 1546 1620 1466 1144 1260 2004 1697 1503 1501 1707 1172 1688 1278 1544 1460 1552 1747 1877 1377 
1318 1692 1089 1645 1731 1611 1125 0 1764 1215 1536 1099 1353 1967 1033 1465 1865 1910 1445 1755 1225 1301 1300 1935 1271 1655 1934 1532 1586 1831 1805 1069 
1369 1289 1617 1140 1685 1384 1906 1764 0 1028 1315 1735 1502 1930 1061 1600 1485 1441 1170 1621 1322 1436 1415 1779 1792 1304 1622 1841 1881 1149 1945 1387 
1960 1112 1821 1563 1323 1777 1769 1215 1028 0 1868 1734 1997 1730 1025 1834 1741 1066 1085 1847 1197 1500 1328 1535 1698 1842 1743 1589 1459 1096 1366 1446 
2044 1778 1753 1426 1748 1077 1397 1536 1315 1868 0 1158 1804 1693 1092 1994 1570 1044 1332 1976 1474 1903 1118 1626 1121 1588 1966 1918 1167 1312 1492 1143 
1034 1355 1275 1547 1971 1996 1672 1099 1735 1734 1158 0 2047 2003 1264 1432 1583 1678 1320 1046 1440 1549 1439 1721 1822 1714 1161 1272 1119 1360 1345 1425 
1238 1866 1569 1314 1806 1629 1268 1353 1502 1997 1804 2047 0 1346 1035 1985 1196 1419 1956 1722 1926 1386 1117 1949 1139 1526 1784 1130 1681 1483 1851 1888 
1899 1896 1616 1364 1982 1188 1546 1967 1930 1730 1693 2003 1346 0 1298 1408 1391 1525 1647 1957 1306 1508 1340 1401 1132 1568 1931 1235 1471 1281 1477 1628 
1414 1181 1862 1469 1135 2021 1620 1033 1061 1025 1092 1264 1035 1298 0 1660 1983 1640 1347 1670 1914 1442 1708 1845 1361 1195 2016 1041 1400 2040 1429 1338 
1357 1438 1147 1605 1767 1584 1466 1465 1600 1834 1994 1432 1985 1408 1660 0 1750 1074 1354 2026 1047 1100 2005 1701 1490 1313 1725 1952 1682 1664 1988 1859 
1585 1207 1478 1800 1790 2029 1144 1865 1485 1741 1570 1583 1196 1391 1983 1750 0 1923 1472 1464 1786 1245 1746 1266 1505 1581 1763 1256 1577 1720 1370 1398 
1613 1443 1091 1228 1548 1359 1260 1910 1441 1066 1044 1678 1419 1525 1640 1074 1923 0 2008 1727 1950 1843 1757 1594 1572 1597 1455 1213 1255 1280 1864 1937 
1534 1032 1043 1695 1484 1658 2004 1445 1170 1085 1332 1320 1956 1647 1347 1354 1472 2008 0 1273 1052 1762 1444 1331 1231 1258 1437 1674 1573 2020 1911 1887 
1246 1925 1533 1909 1418 1098 1697 1755 1621 1847 1976 1046 1722 1957 1670 2026 1464 1727 1273 0 1148 1451 1550 1719 1691 1890 1599 1852 1802 1961 1598 1467 
1026 1951 1737 1992 1974 1160 1503 1225 1322 1197 1474 1440 1926 1306 1914 1047 1786 1950 1052 1148 0 1086 1029 1518 1614 1506 1288 1111 1927 1039 1781 1403 
1744 1279 1430 1943 1248 2019 1501 1301 1436 1500 1903 1549 1386 1508 1442 1100 1245 1843 1762 1451 1086 0 1604 1493 1711 1663 1114 1363 1071 1517 1335 1993 
1901 1785 2015 1050 1141 1593 1707 1300 1415 1328 1118 1439 1117 1340 1708 2005 1746 1757 1444 1550 1029 1604 0 1917 1671 1776 1421 1978 1796 1365 1220 1489 
1344 1867 1602 1981 2031 1539 1172 1935 1779 1535 1626 1721 1949 1401 1845 1701 1266 1594 1331 1719 1518 1493 1917 0 1555 1516 1184 1596 1078 1607 1087 1667 
1760 1134 1326 1352 1229 1150 1688 1271 1792 1698 1121 1822 1139 1132 1361 1490 1505 1572 1231 1691 1614 1711 1671 1555 0 1327 1423 1274 1972 1799 1745 1249 
1986 1156 1494 1813 1371 1036 1278 1655 1304 1842 1588 1714 1526 1568 1195 1313 1581 1597 1258 1890 1506 1663 1776 1516 1327 0 1422 1922 1205 1131 1789 1062 
1912 1657 1627 1724 1608 2014 1544 1934 1622 1743 1966 1161 1784 1931 2016 1725 1763 1455 1437 1599 1288 1114 1421 1184 1423 1422 0 1826 1633 1849 1270 1531 
1542 1385 1676 1835 1456 1088 1460 1532 1841 1589 1918 1272 1130 1235 1041 1952 1256 1213 1674 1852 1111 1363 1978 1596 1274 1922 1826 0 1811 1962 1057 1058 
1884 1330 1772 1292 1771 1504 1552 1586 1881 1459 1167 1119 1681 1471 1400 1682 1577 1255 1573 1802 1927 1071 1796 1078 1972 1205 1633 1811 0 1571 1527 1491 
1431 1810 1948 1120 1362 1101 1747 1831 1149 1096 1312 1360 1483 1281 2040 1664 1720 1280 2020 1961 1039 1517 1365 1607 1799 1131 1849 1962 1571 0 2043 1116 
1774 1650 1706 1798 2002 1773 1877 1805 1945 1366 1492 1345 1851 1477 1429 1988 1370 1864 1911 1598 1781 1335 1220 1087 1745 1789 1270 1057 1527 2043 0 1916 
1175 1520 1818 1261 1392 1858 1377 1069 1387 1446 1143 1425 1888 1628 1338 1859 1398 1937 1887 1467 1403 1993 1489 1667 1249 1062 1531 1058 1491 1116 1916 0 