0 57 107 73 41 29 178 116 154 46 123 40 85 44 97 93 72 123 59 187 71 25 74 220 224 211 130 168 150 85 76 108
57 0 64 30 30 46 215 73 191 83 80 77 122 23 134 50 29 160 96 224 108 62 31 257 261 248 167 205 187 42 113 145
107 64 0 54 80 96 265 29 241 133 36 127 172 73 184 36 65 210 146 274 158 112 45 307 311 298 217 255 237 44 163 195
73 30 54 0 46 62 231 63 207 99 70 93 138 39 150 40 31 176 112 240 124 78 21 273 277 264 183 221 203 32 129 161
41 30 80 46 0 30 199 89 175 67 96 61 106 17 118 66 45 144 80 208 92 46 47 241 245 232 151 189 171 58 97 129
29 46 96 62 30 0 187 105 163 55 112 49 94 33 106 82 61 132 68 196 80 34 63 229 233 220 139 177 159 74 85 117
178 215 265 231 199 187 0 274 50 146 281 160 121 202 103 251 230 73 149 27 131 163 232 60 64 51 58 34 58 243 126 84
116 73 29 63 89 105 274 0 250 142 19 136 181 82 193 45 74 219 155 283 167 121 54 316 320 307 226 264 246 53 172 204
154 191 241 207 175 163 50 250 0 122 257 136 97 178 79 227 206 49 125 59 107 139 208 92 96 83 34 40 34 219 102 60
46 83 133 99 67 55 146 142 122 0 149 28 53 70 65 119 98 91 27 155 39 31 100 188 192 179 98 136 118 111 44 76
123 80 36 70 96 112 281 19 257 149 0 143 188 89 200 52 81 226 162 290 174 128 61 323 327 314 233 271 253 60 179 211
40 77 127 93 61 49 160 136 136 28 143 0 67 64 79 113 92 105 41 169 53 25 94 202 206 193 112 150 132 105 58 90
85 122 172 138 106 94 121 181 97 53 188 67 0 109 40 158 137 66 56 130 38 70 139 163 167 154 73 111 93 150 33 51
44 23 73 39 17 33 202 82 178 70 89 64 109 0 121 59 38 147 83 211 95 49 40 244 248 235 154 192 174 51 100 132
97 134 184 150 118 106 103 193 79 65 200 79 40 121 0 170 149 48 68 112 50 82 151 145 149 136 55 93 75 162 45 33
93 50 36 40 66 82 251 45 227 119 52 113 158 59 170 0 51 196 132 260 144 98 31 293 297 284 203 241 223 30 149 181
72 29 65 31 45 61 230 74 206 98 81 92 137 38 149 51 0 175 111 239 123 77 32 272 276 263 182 220 202 43 128 160
123 160 210 176 144 132 73 219 49 91 226 105 66 147 48 196 175 0 94 82 76 108 177 115 119 106 25 63 45 188 71 29
59 96 146 112 80 68 149 155 125 27 162 41 56 83 68 132 111 94 0 158 42 44 113 191 195 182 101 139 121 124 47 79
187 224 274 240 208 196 27 283 59 155 290 169 130 211 112 260 239 82 158 0 140 172 241 45 49 36 67 43 67 252 135 93
71 108 158 124 92 80 131 167 107 39 174 53 38 95 50 144 123 76 42 140 0 56 125 173 177 164 83 121 103 136 29 61
25 62 112 78 46 34 163 121 139 31 128 25 70 49 82 98 77 108 44 172 56 0 79 205 209 196 115 153 135 90 61 93
74 31 45 21 47 63 232 54 208 100 61 94 139 40 151 31 32 177 113 241 125 79 0 274 278 265 184 222 204 23 130 162
220 257 307 273 241 229 60 316 92 188 323 202 163 244 145 293 272 115 191 45 173 205 274 0 26 39 100 76 100 285 168 126
224 261 311 277 245 233 64 320 96 192 327 206 167 248 149 297 276 119 195 49 177 209 278 26 0 43 104 80 104 289 172 130
211 248 298 264 232 220 51 307 83 179 314 193 154 235 136 284 263 106 182 36 164 196 265 39 43 0 91 67 91 276 159 117
130 167 217 183 151 139 58 226 34 98 233 112 73 154 55 203 182 25 101 67 83 115 184 100 104 91 0 48 30 195 78 36
168 205 255 221 189 177 34 264 40 136 271 150 111 192 93 241 220 63 139 43 121 153 222 76 80 67 48 0 48 233 116 74
150 187 237 203 171 159 58 246 34 118 253 132 93 174 75 223 202 45 121 67 103 135 204 100 104 91 30 48 0 215 98 56
85 42 44 32 58 74 243 53 219 111 60 105 150 51 162 30 43 188 124 252 136 90 23 285 289 276 195 233 215 0 141 173
76 113 163 129 97 85 126 172 102 44 179 58 33 100 45 149 128 71 47 135 29 61 130 168 172 159 78 116 98 141 0 56
108 145 195 161 129 117 84 204 60 76 211 90 51 132 33 181 160 29 79 93 61 93 162 126 130 117 36 74 56 173 56 0
