29
16
0 1838 12925 2152 7841 3574 13880 2501 14657 4432 8824 9319 9961 5908 6196 12113 9417 13271 2949 8097 7041 14457 7626 3420 11830 10449 11044 12341 5200
1838 0 12845 1916 7761 3494 13800 2421 14577 4352 8744 9239 9881 5828 6116 12033 9337 13191 2713 8017 6961 14377 7546 3340 11750 10369 10964 12261 5120
12925 12845 0 13159 6006 10339 2681 11876 3458 10051 4947 4488 3128 8867 8383 1182 5378 2072 13956 5606 7350 3258 6671 10919 2217 4084 3281 1142 9087
2152 1916 13159 0 8075 3808 14114 2735 14891 4666 9058 9553 10195 6142 6430 12347 9651 13505 1201 8331 7275 14691 7860 3654 12064 10683 11278 12575 5434
7841 7761 6006 8075 0 5255 6961 6792 7738 4967 1905 2400 3042 3783 3299 5194 2498 6352 8872 1178 2266 7538 1587 5835 4911 3530 4125 5422 4003
3574 3494 10339 3808 5255 0 11294 2525 12071 1846 6238 6733 7375 3322 3610 9527 6831 10685 4605 5511 4455 11871 5040 1568 9244 7863 8458 9755 2614
13880 13800 2681 14114 6961 11294 0 12831 1335 11006 5902 5443 4083 9822 9338 2137 6333 1275 14911 6561 8305 1135 7626 11874 3172 5039 4236 1677 10042
2501 2421 11876 2735 6792 2525 12831 0 13608 3383 7775 8270 8912 4859 5147 11064 8368 12222 3532 7048 5992 13408 6577 2371 10781 9400 9995 11292 4151
14657 14577 3458 14891 7738 12071 1335 13608 0 11783 6679 6220 4860 10599 10115 2914 7110 2052 15688 7338 9082 1446 8403 12651 3949 5816 5013 2454 10819
4432 4352 10051 4666 4967 1846 11006 3383 11783 0 5950 6445 7087 3034 3322 9239 6543 10397 5463 5223 4167 11583 4752 2426 8956 7575 8170 9467 2326
8824 8744 4947 9058 1905 6238 5902 7775 6679 5950 0 1341 1983 4766 4282 4135 1439 5293 9855 1505 3249 6479 2570 6818 3852 2471 3066 4363 4986
9319 9239 4488 9553 2400 6733 5443 8270 6220 6445 1341 0 1524 5261 4777 3676 1772 4834 10350 2000 3744 6020 3065 7313 3393 2012 2607 3904 5481
9961 9881 3128 10195 3042 7375 4083 8912 4860 7087 1983 1524 0 5903 5419 2316 2414 3474 10992 2642 4386 4660 3707 7955 2033 1120 1247 2544 6123
5908 5828 8867 6142 3783 3322 9822 4859 10599 3034 4766 5261 5903 0 2138 8055 5359 9213 6939 4039 2983 10399 3568 3902 7772 6391 6986 8283 2070
6196 6116 8383 6430 3299 3610 9338 5147 10115 3322 4282 4777 5419 2138 0 7571 4875 8729 7227 3555 2499 9915 3084 4190 7288 5907 6502 7799 2358
12113 12033 1182 12347 5194 9527 2137 11064 2914 9239 4135 3676 2316 8055 7571 0 4566 1528 13144 4794 6538 2714 5859 10107 1405 3272 2469 598 8275
9417 9337 5378 9651 2498 6831 6333 8368 7110 6543 1439 1772 2414 5359 4875 4566 0 5724 10448 2098 3842 6910 3163 7411 4283 2902 3497 4794 5579
13271 13191 2072 13505 6352 10685 1275 12222 2052 10397 5293 4834 3474 9213 8729 1528 5724 0 14302 5952 7696 1852 7017 11265 2563 4430 3627 1068 9433
2949 2713 13956 1201 8872 4605 14911 3532 15688 5463 9855 10350 10992 6939 7227 13144 10448 14302 0 9128 8072 15488 8657 4451 12861 11480 12075 13372 6231
8097 8017 5606 8331 1178 5511 6561 7048 7338 5223 1505 2000 2642 4039 3555 4794 2098 5952 9128 0 2522 7138 1843 6091 4511 3130 3725 5022 4259
7041 6961 7350 7275 2266 4455 8305 5992 9082 4167 3249 3744 4386 2983 2499 6538 3842 7696 8072 2522 0 8882 2051 5035 6255 4874 5469 6766 3203
14457 14377 3258 14691 7538 11871 1135 13408 1446 11583 6479 6020 4660 10399 9915 2714 6910 1852 15488 7138 8882 0 8203 12451 3749 5616 4813 2254 10619
7626 7546 6671 7860 1587 5040 7626 6577 8403 4752 2570 3065 3707 3568 3084 5859 3163 7017 8657 1843 2051 8203 0 5620 5576 4195 4790 6087 3788
3420 3340 10919 3654 5835 1568 11874 2371 12651 2426 6818 7313 7955 3902 4190 10107 7411 11265 4451 6091 5035 12451 5620 0 9824 8443 9038 10335 3194
11830 11750 2217 12064 4911 9244 3172 10781 3949 8956 3852 3393 2033 7772 7288 1405 4283 2563 12861 4511 6255 3749 5576 9824 0 2989 2186 1633 7992
10449 10369 4084 10683 3530 7863 5039 9400 5816 7575 2471 2012 1120 6391 5907 3272 2902 4430 11480 3130 4874 5616 4195 8443 2989 0 2203 3500 6611
11044 10964 3281 11278 4125 8458 4236 9995 5013 8170 3066 2607 1247 6986 6502 2469 3497 3627 12075 3725 5469 4813 4790 9038 2186 2203 0 2697 7206
12341 12261 1142 12575 5422 9755 1677 11292 2454 9467 4363 3904 2544 8283 7799 598 4794 1068 13372 5022 6766 2254 6087 10335 1633 3500 2697 0 8503
5200 5120 9087 5434 4003 2614 10042 4151 10819 2326 4986 5481 6123 2070 2358 8275 5579 9433 6231 4259 3203 10619 3788 3194 7992 6611 7206 8503 0